VARIABLE objvar;
VARIABLES  X0, X8, X9, X11, X13, X14, X16, X10, X12, X15, X1, X2, X3, X4, X5, X7, X6;

EQUATIONS  E1, E2, E3, E4, E5, E6, E7, E8, E9, E10, E11, E12, E13, E14;

E1 ..  - X0 - 15.7343*X8 - 7.72905*X9 - 15.7343*X11 - 7.72905*X13 - 4.20432*X14 - 4.20432*X16 + 2.29883*SQR(X8) + 1.56815*X8*X9 + 4.59766*X8*X11 + 1.56815*X8*X13 + 1.46013*SQR(X9) + 1.56815*X9*X11 - 1.32949*X9*X13 + 0.572165*X9*X14 + 0.572165*X9*X16 + 2.12488*SQR(X10) + 2.29883*SQR(X11) + 1.56815*X11*X13 + 2.12488*SQR(X12) + 1.46013*SQR(X13) + 0.572165*X13*X14 + 0.572165*X13*X16 + 0.417683*SQR(X14) + 0.835366*SQR(X15) + 0.417683*SQR(X16) =E= 0;
E2 ..  - X1 + X8 + 0.519034*X9 + X14 =E= 1;
E3 ..  - X2 + X11 + 0.519034*X13 + X16 =E= 1;
E4 ..  - X3 + 0.259517*X10 + 0.259517*X12 + X15 + X4*X5 =E= 0;
E5 ..  - X16 + SQR(X7) =E= 0;
E6 ..  - X15 + X6*X7 =E= 0;
E7 ..  - X14 + SQR(X6) =E= 0;
E8 ..  - X13 + X5*X7 =E= 0;
E9 ..  - X12 + X5*X6 =E= 0;
E10 ..  - X11 + SQR(X5) =E= 0;
E11 ..  - X9 + X4*X6 =E= 0;
E12 ..  - X10 + X4*X7 =E= 0;
E13 ..  - X8 + SQR(X4) =E= 0;
E14 .. objvar =E= X0;


X0.LO = -93.22085828301277;
X0.UP = 54.71515455065227;
X8.LO = 0;
X8.UP = 1.168644571637226;
X9.LO = -1.081038654090235;
X9.UP = 1.16864456565199;
X11.LO = 0;
X11.UP = 1.168644571637226;
X13.LO = -1.081038654090235;
X13.UP = 1.16864456565199;
X14.LO = 0;
X14.UP = 1.168644559666754;
X16.LO = 0;
X16.UP = 1.168644559666754;
X10.LO = -1.081038654090235;
X10.UP = 1.16864456565199;
X12.LO = -1.081038654090235;
X12.UP = 1.16864456565199;
X15.LO = -1.081038648553674;
X15.UP = 1.168644559666754;
X1.LO = 0;
X1.UP = 0;
X2.LO = 0;
X2.UP = 0;
X3.LO = 0;
X3.UP = 0;
X4.LO = -1;
X4.UP = 1.081038654090235;
X5.LO = -1;
X5.UP = 1.081038654090235;
X7.LO = -1;
X7.UP = 1.081038648553674;
X6.LO = -1;
X6.UP = 1.081038648553674;


X4.L = -0.6686340850164865;
X5.L = 0.7906585887671437;
X6.L = 0.9370913716672032;
X7.L = 0.4405363571388225;




MODEL canon / ALL /;
SOLVE canon USING QCP MINIMIZING objvar;
