VARIABLE objvar;
VARIABLES  X0, X7, X11, X9, X1, X10, X8, X2, X3, X4, X5, X6;

EQUATIONS  E1, E2, E3, E4, E5, E6, E7, E8;

E1 ..  - X0 + 37.2932*X7 + 0.835689*X7*X11 + 5.35785*SQR(X9) =E= 40792.1;
E2 ..  - X1 + 0.0006262*X7*X10 + 0.0056858*X8*X11 - 0.0022053*X9*X11 =E= -85.3344;
E3 ..  - X2 + 0.0006262*X7*X10 + 0.0056858*X8*X11 - 0.0022053*X9*X11 =E= 6.66559;
E4 ..  - X3 + 0.0029955*X7*X8 + 0.0071317*X8*X11 + 0.0021813*SQR(X9) =E= 9.48751;
E5 ..  - X4 + 0.0029955*X7*X8 + 0.0071317*X8*X11 + 0.0021813*SQR(X9) =E= 29.4875;
E6 ..  - X5 + 0.0012547*X7*X9 + 0.0019085*X9*X10 + 0.0047026*X9*X11 =E= 10.699;
E7 ..  - X6 + 0.0012547*X7*X9 + 0.0019085*X9*X10 + 0.0047026*X9*X11 =E= 15.699;
E8 .. objvar =E= X0;


X0.LO = -30667.69600953783;
X0.UP = -30661.59698011254;
X7.LO = 78;
X7.UP = 78.02611928452818;
X11.LO = 36.76139514496808;
X11.UP = 36.79449139612159;
X9.LO = 29.99146780703991;
X9.UP = 29.99820202033574;
X1.LO = 91.99342334053699;
X1.UP = 92.00586827445963;
X10.LO = 44.95092840290139;
X10.UP = 45;
X8.LO = 33;
X8.UP = 33.01440770785716;
X2.LO = -0.006576659462999679;
X2.UP = 0;
X3.LO = 8.836611460371907;
X3.UP = 8.855011834228673;
X4.LO = -11.1633885396281;
X4.UP = -11.14498816577133;
X5.LO = 0;
X5.UP = 0.004668873085501346;
X6.LO = -5.005029297923289;
X6.UP = -4.995331126914498;


X7.L = 78;
X8.L = 33;
X9.L = 29.99525583801282;
X10.L = 45;
X11.L = 36.77581299197513;




MODEL canon / ALL /;
SOLVE canon USING QCP MINIMIZING objvar;
